-12.807212103239944, -10.456669171029613
-4.530634916902505, 37.680842103884004
-10.613294144722696, -21.23472493526623

-14.74090991177376, -9.193173237732257
-5.560991870921043, 39.58446976609146
-14.24873363781532, -24.9008469776234

-16.18598383941245, -6.167335846250924
-7.96135954446962, 42.41825615963014
-10.870173705022147, -21.323647198617078

-13.289552227383258, -3.760920595565416
-4.612584023572099, 39.65601588720769
-12.935928237580796, -17.849474791882994

-14.774901202051534, -0.7888983756867605
-8.220691179851025, 42.18329483902025
-15.832330613451266, -17.917864309034517

-14.437042271081317, -4.325015254431226
-7.004992365469508, 38.43951360348596
-15.48205386180094, -17.615240436248847

-17.35854097895524, -0.867596636912408
-4.510114200822317, 38.456582476828494
-17.284966921925317, -17.62629652016343

-15.48702764583004, 1.0593292357417523
-5.230984114564801, 35.82731583829609
-14.794560675708848, -15.671903442674271

-11.77126209965822, 1.3422791284340265
-2.7681197434104963, 33.624094731247354
-13.343726591875306, -15.480117226027044

-12.350215488853582, -2.1777580035354474
-1.2075194707403734, 31.43955123003844
-11.3256409185194, -14.501025329572503

-15.848609720549502, -2.2954825580388576
2.6649531168489133, 34.06423877861971
-8.796404841653468, -14.923239376929821

-15.502647119824726, 1.526041755976494
-0.5023988912286992, 35.67593610045961
-5.761118026335461, -14.454249577198073

-13.475209798894117, 1.352759946352208
-0.9084371200075232, 33.55705954818722
-9.433182580054442, -11.997469296380032

-14.016571338664923, 2.071837658687376
2.123125547501842, 30.99912404827528
-8.061576450206015, -9.398858982724406

-15.47177874701088, 1.2663887418913937
1.9966515787220782, 28.867283495902548
-6.115350144349712, -8.58175937910093

-11.812843608130652, 0.27759929138503026
-0.2412196496187926, 31.195387923044727
-3.8316168818565632, -10.244719322796549

-13.38011641204749, -2.260295040666124
0.241272003025375, 32.673669216071815
-7.481419201243059, -8.201100991107605

-16.02018869064566, -0.6561195191167366
-3.1762590764916547, 33.9115981512394
-3.9527891499249703, -7.628189510300478

-14.862064059739275, -2.552431577324291
0.19194591231482416, 32.992389839895964
-3.789065986677562, -11.181969961186779

-16.964809769488753, -5.665493484830991
-2.0741214526431246, 34.249483609503216
-0.719906529275482, -9.291103343658518

-20.234107764127117, -4.544101076311793
1.4910272415207277, 30.751265167324878
2.0033611439279344, -6.079116797146006

-22.06465462843043, -7.44616313175659
-0.41777660924338544, 33.23451227808919
4.093850145709475, -7.078815608135811

-25.208738712283772, -5.089231519945595
1.4489256592246367, 31.60790966639894
6.095858020400859, -9.819424829315984

-25.258398235708434, -1.6217345214265402
-1.8800826632472365, 30.943142159356047
6.732949065386814, -9.767269213036275

-25.90154228351968, 0.5359522571991402
0.21186031054827748, 29.62447941513409
8.88176842830546, -11.10103532139882

-23.2246838944837, -1.5428911888196293
3.6121175267587518, 32.32210898081512
5.070468251636888, -13.755190079480265

-23.58481663646309, -5.093661621053925
1.5728210147092536, 30.095711631386934
5.317322936165565, -14.20598693430865

-19.962847877074626, -7.553096691105678
2.4861759710397457, 28.947321754728755
7.400486058935305, -10.345461413961914

-17.25010103279955, -9.21351187940181
2.9451242633409604, 32.92604235428181
3.505431962429663, -8.584295111263053

-18.908279359022668, -6.836509364579653
5.850231065807823, 34.20516291692188
5.830488321143773, -12.479304478610342

-17.984057679373947, -10.067057371687124
4.34068609505175, 31.988258373421633
6.934813885201812, -15.316831436819381

-14.129476455366891, -8.007341573085757
0.5816708492842526, 30.515158368974877
9.178472177410978, -18.632843261472136

-15.17322112529973, -7.0966355917493535
-1.7208392199308946, 26.52774444926734
6.17164235126316, -17.86586526924366

-16.046615076939823, -8.980786839838867
-2.838594784741118, 23.85688514548476
5.781785717343187, -20.938612874364537

-18.88976016288732, -6.901997359088057
-2.907486291116438, 22.681839177843546
7.442684966636853, -19.33145183255874

-18.660130827224265, -3.959626608473185
-2.164541734403045, 25.152208487553946
4.581071312220007, -23.11218802909364

-18.975504300756068, -0.7960312633831341
-2.63984162206929, 25.88021004356767
0.8374423411327667, -19.971236822842542

-15.691095563537225, -4.587384294068523
-2.583617036131563, 23.872047039718204
3.3807307823490165, -19.107796074459234

-14.153047088997198, -3.5309149593096425
-1.2615858526360242, 23.02538341713763
7.100537074069891, -18.20808452444861

-17.757011388807392, -5.321179141950498
-0.16592682430675243, 23.331834151398926
9.485479983529968, -17.51593416172689

-16.88010853174446, -4.091632076500568
1.1159033488051735, 24.517127280466426
10.474112560033227, -18.50158401787718

-19.70587812510785, -1.846137112224608
2.372735904929585, 24.5715912373213
11.977731911886252, -18.442640964528604

-22.18604769488112, -2.196444421261374
2.3295271625797733, 24.63469813520338
8.644682593969325, -20.96852621962895

-22.88368835768778, 0.8215964163969707
5.815825250999461, 25.759805790336745
7.694513764564611, -21.386644915658316

-22.236085790613828, 4.658942804105328
4.351078609628657, 22.97261722196779
8.805600571821799, -25.287844957863793

-25.19402059222677, 2.3884748465223
4.915684720722595, 21.480126011326696
10.414995913836481, -25.34021378958023

-24.741099376569508, -0.8640469244663889
8.874451464593115, 22.467901988719323
13.477670490061936, -21.842007953743312

-22.68406820495686, -0.9237583728866401
5.987147588949443, 20.05309556460093
11.718363977740985, -20.92469358123179

-22.115383525710648, -4.112058867064075
2.4829019401110015, 21.85304048236603
7.979737364447205, -24.03289518004754

-25.851834554120103, -1.590339431137564
-0.13889806623471834, 19.371289588605663
8.562150045861713, -26.93964223352645

-28.502366862929343, 2.3905029408088874
1.117468266165523, 15.41676867432043
5.358143274388432, -27.850114600985194

-26.697531829983795, 0.7352831247735816
2.35910361647165, 13.41506241555297
9.023486942187377, -26.588387149442475

-24.053327567773728, -2.368367192797302
1.2354555129461167, 11.458490803074618
6.699842047267957, -30.585586977188743

-23.523890182423642, -6.060235330289331
0.19362633476715274, 15.222570213236855
9.525415337507276, -30.35410637214514

-22.157728901905553, -2.3632373465558176
3.0803495094278253, 14.172801847479722
7.74257674795461, -33.51696002333803

-20.244439515139767, -3.2116880230335356
2.448417540287716, 13.481177686227792
9.898324856093634, -31.31847108902913

-21.98866855584052, -1.0308330821170335
2.056290831575386, 14.979442202552447
6.4833676607287565, -33.01055584804523

-22.730091286437208, -0.554179443551952
1.497886785243316, 17.645524892561276
5.349041270409331, -36.836699803137996

-21.72188716584653, -3.5100550232876904
4.560337558438706, 14.895278173953287
6.791684210275783, -37.22741298199569

-22.905873233427705, -5.314175847844938
1.4101027761500031, 16.614435316483966
4.389373299180258, -39.09740787968993

-26.775282805025267, -6.673894783405218
4.309228579165412, 14.562613929610421
2.6316516515781982, -38.513610894250455

-29.7030212873849, -5.623550628845481
0.9940652041183995, 12.255557852304477
2.941871173438571, -40.689807626679425

-26.875515150607967, -4.483831528177836
-1.3788598778487282, 15.941104718909173
-0.11818246013308098, -41.84810995218121

-26.02974204310854, -7.4470229985549015
-0.33590116112784063, 13.856655027228609
-2.6408008721424734, -45.40722539513868

-25.064604487475638, -7.130800801993084
0.7384838783384566, 13.734005986311582
-1.1612739589034646, -42.4114571647489

-23.383150768986486, -9.516496367744892
0.8818676393838256, 14.109722381433407
1.6531030681219967, -43.895361514441724

-22.723851436149715, -10.89329166255488
1.6328988973501257, 17.691635732418014
4.959902968032384, -40.0297509767329

-22.560516146564645, -9.161327798663908
2.7484074108555285, 19.52399935328497
7.410588150953116, -39.40573560943149

-22.158721220593144, -10.001891278603129
3.6244824026919815, 17.12218648999277
8.504882021331312, -41.718462969955816

-24.875040956976914, -11.239801446126634
7.2521526139712575, 17.17398575823084
9.159487722690736, -44.631903612288205

-25.17024120015817, -9.110549906268478
10.664522515755294, 18.597990949416587
11.490226285980974, -48.2163827553254

-23.976493918469867, -6.873875227450765
12.349959561008525, 22.320393238234534
8.376772260692238, -47.34221700962251

-20.394747390575997, -5.317604446177522
15.416176609880015, 23.17949199121353
10.47951466689918, -46.29635113851592

-22.665027484948055, -5.2383857960083615
12.139792145987848, 24.203958149368823
14.144246321589716, -48.45680462008468

-18.96148308695595, -7.534469110299028
15.996159117913688, 21.606002439919145
16.378866066380027, -51.451718590209076

-21.469495343188296, -7.868481429100214
15.55450211057224, 20.154332548638862
15.580926980904962, -52.40474750103478

-19.18575476451796, -10.548137218926534
18.123397603841006, 20.61127321079812
12.938375156675122, -53.769801756733564

-19.49099392379211, -9.013811836185567
20.31239493549087, 20.309892937628923
14.383824827407913, -55.06175535729136

-16.059943895759957, -8.75747797150211
19.601272789226456, 21.547232388711006
16.269891485686564, -58.4877206714103

-12.723647278977545, -9.881251293776241
22.68360746581616, 23.412262677800204
17.41065394271927, -60.3790317665338

-13.685098253210448, -6.499296660262225
18.738836355377792, 24.692080196402408
16.83317255409787, -56.76105841247445

-12.797262481153574, -3.6610938841338667
16.47191624809316, 26.440476503218854
14.91763713339688, -54.35363121101863

-11.759246981704166, -0.635278983662066
20.18052591022923, 22.48633660186134
18.18725959317414, -55.30975153651392

-14.326614006086174, 0.37364645563475296
17.296713593622243, 25.27348579315323
14.853171600387295, -51.33142417303291

-17.542422121071567, 2.435952278445506
15.956421610847443, 23.371637713580405
12.974122193230501, -47.67728714585043

-20.988232517891305, 0.5720180972733688
16.90213143183625, 21.670023796086387
16.435723904952035, -50.56960206850259

-23.407196014012847, 1.1189691777138817
17.54363309920684, 23.92772633894446
12.715438602043363, -46.967759836225966

-24.598435463047203, 0.7194692811386076
14.01794348794121, 24.857501758763043
14.357747478942553, -45.77298423720576

-20.93686009745996, -0.6321882602852167
14.602091806020677, 28.496560092447513
11.504379044635808, -44.8822906960801

-21.16990594007028, 2.5321212494775365
15.062250796023513, 29.117614685859692
10.426848038394805, -47.50261191881152

-21.628226608170074, 0.41471489251440286
18.96555717670087, 29.616454723460436
8.98832332376687, -49.44447228900511

-18.677351898962293, -0.573975518180112
16.565397771163763, 31.56199487005975
7.774754983328265, -50.91342296425831

-20.088227250729418, -0.5510898319337585
13.032913436361635, 27.98444289947338
5.539057801389238, -47.89912089971267

-19.96708576551861, -4.126689740386019
16.575274848783522, 28.72408322699411
8.54685200277363, -51.69852795120332

-21.687438732997006, -8.02613295324857
20.02339515970327, 26.087138562339508
12.049592049045371, -49.035973908790865

-22.713967217365397, -11.135312788647573
22.412695913601066, 24.446928090808495
10.221012656758965, -45.79245607800417

-22.059252887242483, -7.482643025874079
23.28696298976994, 25.238949264147294
10.415240556196473, -44.399030807002646

-19.76835306261603, -8.519660047985402
26.17008112232375, 26.974650706049832
13.837710624939115, -46.251063350000486

-19.450865116567236, -12.023017824275232
28.82258535234947, 26.72299983129937
13.46453892281384, -44.44607192573681

-15.83434005482568, -9.086858659976242
25.382118815950623, 23.627236047278124
10.399441155164045, -45.7851360162756

-14.319999763681839, -11.716910102192163
25.800523315472454, 23.26753462333774
8.573284750106517, -43.60094574904967

-13.924649943742297, -9.779906810774122
28.88248494599739, 26.62462866679265
10.65845373803904, -41.71267047226707

-13.78704078423793, -10.689301174680448
29.631454251066064, 24.093734270553945
7.049293839415597, -44.614384884416026

-15.53461577363759, -8.510834066541841
27.593106563453468, 20.477152085019675
4.283406985393243, -41.163685468849806

-19.281697369679243, -6.069641223002388
29.643938760389076, 21.65949254084349
6.280306708256662, -44.050957439397195

-20.255082620450192, -2.216026784397701
27.86137021577576, 22.65182121287574
7.602026410415205, -44.39746981030098

-22.212056370518347, -5.542287648944105
25.144068406529605, 20.273059686932434
4.432487131167134, -44.57394251330405

-18.907634241777185, -7.119543654527302
28.01837982169445, 17.0552875909138
6.033368004784632, -41.77101477398489

-22.683969666081225, -10.902769041472146
29.409310340989336, 13.823603983588646
5.9654378585089844, -41.98799550009279

-25.9429816657653, -12.039366883140563
26.148727207199556, 13.239956119517473
2.3914001405884555, -38.40453919598712

-25.927641110929812, -13.913393214640315
28.271724269630695, 11.76761223271756
-1.5042550743539618, -40.75422926587824

-27.86924502973013, -14.107655850881773
24.9715839961407, 15.492574776272583
-0.892721120532519, -42.3115764170385

-25.53655546214273, -10.511679700564496
28.792998731771807, 14.961157262784408
-2.596172750307444, -44.24680764632589

-29.488775106670957, -13.026032135890487
31.621423282930678, 16.68559005073774
-4.74519406944873, -47.79141983973869

-26.348064035864553, -11.201961047378802
32.0348944280213, 15.75223853418227
-5.1885870934584375, -50.8213294457448

-22.962098397985624, -14.354601639813339
31.490631037778503, 13.307096140815322
-1.8537137336744873, -47.19309029336532

-23.6871852364639, -17.23562769715066
30.278514726042694, 15.520899554766348
-0.13557753619742474, -48.661224949730645

-26.428675410084132, -14.519409717170138
28.008904027460726, 12.279975546498505
-0.16582634668531515, -49.80448554088049

-23.09209782497919, -17.450516542201694
31.308941167547466, 9.657995884963475
3.3639010941875043, -52.52068013816162

-26.67977860252733, -20.42508400619818
30.843112249187417, 7.109045857128673
6.456815410494487, -53.50561903280614

-26.975050781710436, -19.849142746918652
28.27678234045344, 6.196383980092841
6.554577724361032, -54.54323305572577

-24.39487146743097, -17.331159571948476
26.400662238185884, 7.401976750208077
10.169966572389061, -52.07359850525379

-22.31888690380373, -14.866158329536374
23.048471109089476, 7.193239122115943
8.964280428932355, -52.42047524486226

-23.351420525881238, -11.27557633811248
25.387288806588963, 7.7100540052783515
5.5334953434925245, -51.29626507602377

-22.503391974360962, -14.165128382424381
21.388292084575028, 8.720507827489575
9.23628784604426, -54.514495924833305

-22.16239678474528, -14.297367243710113
20.258760367527756, 12.496815412397027
12.059550486486152, -52.46361419621562

-24.954522398625674, -17.74777829487278
22.200198831416024, 9.212767718228339
8.707385141963236, -49.865029297580406

-27.878585787679196, -15.845864810811253
23.600244080040902, 7.08808112529739
9.315896665883322, -52.71932074871091

-31.01133657916893, -12.873443061982968
22.7599508356277, 8.338055956183796
11.532415184238193, -51.01751510063985

-30.459580840464028, -9.660286111027322
26.39885814615303, 6.850085045335635
9.708921697732478, -52.74472449615067

-27.40653244799312, -13.507861605890806
28.347601716409283, 7.488560217759632
12.735586852435238, -51.904546301433406

-28.41715329519091, -14.404365892383264
24.79791333611161, 10.195582299250177
12.7013367813789, -48.29772092238509

-29.735992127173358, -16.901156788510384
27.851420348449793, 13.026696148152144
14.689961983249875, -49.12975225957625

-32.33521940063573, -19.290484841278513
25.168759411344038, 15.517449243986249
11.868655648050552, -50.95418399651307

-34.339444397856276, -19.706499919710332
27.82558255773808, 18.020332199110808
8.624682740007646, -49.651030998319605

-37.866423733451676, -22.13943732060523
30.903020323380876, 19.783556564677767
12.536974465513888, -52.14870718622502

-34.87696491345451, -21.4289133461849
26.903349685497428, 16.9462780917975
12.550728737807374, -53.092834450111624

-34.96712878425767, -17.803092931168077
24.470419876999536, 16.069259579255675
8.820135045593137, -49.40840953894719

-37.479844722659756, -14.775913729942648
25.658329445444583, 14.748810739944776
6.856726092259079, -49.197943433095006

-35.49426056577366, -11.864615359010429
24.04034145811941, 16.97053572973298
7.210308662282009, -46.63195556189241

-33.01454600923646, -11.252139896638978
21.807779877016632, 20.632844071807966
7.5050601408716, -48.78689690046925

-33.48760606593211, -9.412465574513897
19.29260244949269, 19.988349543445256
4.900467487245238, -51.706084154803094

-36.847435787101276, -6.159384252145759
16.47236077439205, 21.502235145449973
7.776858563992804, -54.136898644606774

-40.500622317626316, -5.353355220749451
12.636167994699168, 19.459031914718384
7.023831530555496, -57.472127422900456

-44.331783238208466, -3.3758586668720216
12.046056471990495, 19.66088810078452
4.21030222986852, -59.479460373096835

-45.99177881532451, -0.4137983106232417
12.76561015342709, 19.78374496464056
5.213279021579121, -60.79684067919187

-49.49706170844836, 2.0153198456930213
10.804759962694849, 18.52633381583298
4.510620572216422, -58.58008020436806

-46.48976091819952, 3.891178043509461
9.985259893522208, 16.731714942535667
7.352748901058922, -57.30982170696533

-44.52291592811473, 3.7128476427586437
11.456166961238884, 14.207614536134935
9.054706893158055, -55.2102863926369

-42.889591947648384, 0.8444354664643372
12.9393065269855, 11.188035338783777
9.901381145549687, -55.83054124394683

-46.413709542765346, -2.7705773070474553
9.007922826257332, 11.64463624080527
9.97842879660453, -51.865782231232934

-47.26062750982054, -5.464264298350689
10.787613703254202, 11.596990069059943
8.95368056566896, -53.86512116803777

-47.69417820168263, -2.471125211450558
11.743652510525925, 13.456423412265956
10.338522311677503, -57.30197072995126

-46.73542769287551, -4.451817286172807
9.255675250885835, 10.55812255159723
7.295455052353237, -58.69217786884649

-48.73221525512902, -4.9418443438636945
12.331982925241231, 11.060552912903708
8.761225895568252, -57.33719183412173

-50.39728167874419, -2.5092311583172258
14.729578765137113, 8.973119728600874
8.473200038910113, -54.100081059462696

-46.57109282739778, -2.596356222579719
11.847228725282367, 6.146736816643796
6.206987175107999, -57.06402075049492

-50.28810894658329, -3.973385644205239
14.63706946701696, 8.777998822341516
4.9215044212163175, -55.585579733037875

-53.53836690883731, -3.9891343200646965
17.453262044024154, 8.495098250728368
1.6990714650442431, -54.2926725550036

-51.39680970880627, -3.382790250338018
17.828315686254747, 8.704562242385222
-1.1351415643738516, -54.41382079613727

-53.68578272783224, -6.436817395839738
19.378864592438614, 11.300248843107957
-4.325161938355866, -54.06191855539909

-53.81833706268445, -8.625973443660978
16.375962287090335, 8.893385360276962
-3.3343299693608497, -52.696070656921485

-53.833131998628126, -5.031268032136868
13.288529344729326, 5.30986172658357
-4.304875410155975, -54.11923183225233

-50.65966089595712, -2.713850963318439
14.87367110928388, 7.183228192081315
-3.8202287815527294, -54.93557329271754

-53.68294415778134, -1.815212398343073
13.973576997818117, 4.184844229343939
-0.08316119665857435, -53.58748404275186

-57.67149564460189, -3.339322459237647
12.729387189335615, 2.541143147177703
-0.8156096640850734, -50.73157349464664

-60.70690263430047, -5.371504304616568
15.871311369695178, 5.834898820721464
0.29293477765141684, -53.787495493673774

-61.04525733603814, -8.27930903894387
14.463457112446367, 8.922408038611168
-0.04631164457248893, -54.56170976151741

-59.90242866935785, -9.511869198282564
12.80685132785426, 8.789842198637855
-1.7653151129465074, -58.530100125091145

-57.069677203638086, -6.151849199533163
16.644229695083883, 8.387601081658424
-5.1220012360343095, -57.40015042926694

-59.54762667570456, -6.704671088331057
13.502096109396808, 7.111625562911898
-4.969699868857664, -61.11231262985295

-55.89457353781476, -2.952925790147736
12.191863406759895, 7.409879606458376
-1.9241216398255334, -60.713946429962654

-58.606806688435135, -6.9448822703961675
13.549126514141498, 8.541979486444532
-3.4377806674579325, -63.569201161556514

-60.611138068230886, -8.955422567913011
9.713859696187757, 5.28856684239812
-6.023933947437398, -60.58118702246636

-64.31695311621196, -12.019467115913127
5.923678545064213, 2.6540151482709513
-6.113615625280403, -57.41729955535383

-65.87136903116507, -14.154494152164007
3.1431628493772266, 5.653841488613226
-2.805226709611169, -60.92487725518704

-65.0505627171347, -14.86145556170954
2.156310679987011, 7.043037978891574
0.20332351905102364, -61.50837499269804

-68.29850997322484, -17.929396495174707
-1.7830622418301978, 3.656669552245263
1.7734695496374648, -60.72657376760134

-70.32251571717475, -20.72860515354912
0.15899630641889395, 4.7437267975504716
1.47671763755595, -59.75573960517163

-73.53369529485998, -19.656124640010024
3.2687767115500863, 6.944327044978081
-0.4727328895794667, -60.25289663789491

-75.55870448077964, -21.768474280749068
4.103791004355538, 3.925753891367475
-3.0311715270190387, -62.011744640517655

-73.80887668092464, -18.458338404644664
3.0928344238350656, 6.926991428445886
-1.3901311999365813, -59.09239984412169

-71.59944046845692, -19.882333856172046
0.06780271515118219, 8.989070574907984
-3.3629714413970975, -61.9386557485658

-69.87314624205655, -23.333348030055475
3.4449277380929377, 6.608680642869254
-2.014920351732254, -61.480844435864356

-72.25895092201318, -21.35624727874803
5.081706643052529, 4.138291110548728
1.0927914697266923, -60.19479905745244

-70.50329018664837, -20.881580247456057
8.720330136295976, 3.5688846653243465
1.2513900286141615, -62.85748605684994

-71.95816308256316, -24.487365542157942
9.800297867110979, 3.1703913493775433
3.101140766932308, -66.85516056736601

-72.7412531233484, -25.791437140954837
7.287763858687665, 2.8750196494803983
3.285989850994633, -64.24445973722166

-74.9546904214827, -27.030874866801167
4.868909121644941, 6.300970830179042
0.7988825610108723, -63.10773573168708

-72.13536948938727, -28.66891730649727
4.5798266329774195, 3.676606948156932
1.9657301403716074, -61.67319444070061

-74.39157227462665, -29.645902289532227
3.0439578856872167, 7.459369540470951
3.2140377109883893, -65.07948551752914

-72.82400733445374, -33.4253640917241
-0.5340639374627392, 10.816715687549173
5.718565668717952, -68.15484776098593

-73.81324914753925, -34.831172566177734
-0.8056455833389871, 13.837827362641955
8.259716953730422, -69.00321560291655

-73.68724385889064, -33.638529870987846
0.5722093339695471, 15.944929172024139
11.872079002115573, -70.55700288436546

-75.06282904858382, -36.08581626524754
-0.3505095874086326, 19.54341251073094
14.402307441339598, -71.98027225596714

-76.85095785708383, -38.754602599759025
-1.9592681535069447, 16.187286501196354
14.979554270910004, -70.25852895233007

-78.68922399087019, -35.9841680938462
-0.27055027905910656, 13.276044641946491
18.932356955438223, -72.60043814255783

-81.50848647620857, -33.31626956178793
-3.8481834908841295, 13.637516718954734
22.113025982788816, -72.07969121695021

-77.61848857944982, -34.529327237916014
-6.063997374818136, 17.11856275620174
24.72935778080467, -75.97148995406603

-76.43104729635395, -34.254999364250864
-7.024588741612442, 20.300411973951455
24.78055911207813, -74.82452476310316

-76.74710833167629, -37.6597447319197
-9.365498384152545, 20.54408624398436
21.246383442768323, -71.45399602096063

-79.91829163051824, -36.06320140858783
-11.483305141337372, 22.957778477024096
22.99573725657827, -68.29965625438584

-83.19338352609294, -33.83297430921911
-11.01554250639583, 26.26598336682408
21.124076359581174, -67.29827991019282

-86.27800880264707, -30.716423046905284
-11.740616455514818, 25.799204620229066
18.537546865460566, -64.13109191955822

-89.57684096648951, -30.559877152519544
-9.073414393676451, 28.744077422867342
21.823864028233345, -60.686854305416524

-87.19409686361563, -30.444495092048264
-9.586005374799075, 31.689082325111247
20.41791084850872, -61.10977213121861

-87.30741594988758, -31.456715665244758
-10.912929382466839, 28.75936408132409
21.0312115697607, -58.997616204041194

-87.78727396654259, -28.751874335157055
-7.632349096988094, 28.623986783006778
22.576290121843734, -59.831226966298935

-89.5266612539012, -29.666542453498003
-7.604331100625705, 29.42486044490611
21.680911614993207, -63.07298731228767

-85.80868742128554, -26.035406056628457
-7.128797759345545, 30.88596785936725
23.64877169828207, -61.26956725067138

-84.82913120091867, -29.067326357292263
-4.522025788080853, 34.87097777498572
19.991022679092186, -61.56293676790857

-87.75695936740908, -28.295821047242065
-4.402842932961173, 36.28466592582606
22.367530429503095, -65.44972290128004

-90.40973274146796, -31.24042170261106
-6.183826857827047, 39.11865224338402
20.489804890261503, -63.60431162817546

-88.70173425101149, -30.825505000045734
-4.777660517381556, 36.82572782281424
22.401212616815958, -63.2678895749529

-91.44397142396299, -29.780653844533546
-1.9623270741720447, 37.64402797662413
20.24168971854717, -59.35802152860857

-89.80779536123084, -27.39991320297979
-0.969240659085771, 40.043025150721135
18.617276836962706, -55.45363347164984

-90.92281900219992, -29.310774429106132
-3.131074747471203, 36.664762120169776
16.415981855353397, -54.63400359787706

-90.19072716105914, -28.124225463488695
-1.0280610417150742, 37.43829565708197
19.704137153623847, -57.50180998225973

-91.59261109717707, -26.26893582929577
-3.5236482770407545, 39.317937064885356
17.728626756395833, -56.859243179630845

-93.78090905381082, -28.062359639459608
-5.085071871762136, 37.81379393484212
17.731284841141303, -56.45479569597386

-95.51252113338488, -27.62690324880211
-8.513036123081054, 41.338640060075036
16.90951226333536, -53.46331543238501

-93.40812895386618, -27.444684726374653
-4.874470123690595, 43.87980077278629
18.796462375060763, -52.693408410632244

-96.51748752257024, -25.357973691638787
-2.062457823756187, 44.74566923645652
16.376213370257084, -50.47085717119142

-98.29134842941178, -25.642099523668318
-4.9015959531256765, 42.030288140492054
14.5116533543125, -48.78951994372146

-98.66396614045279, -29.089727672782164
-6.104754327811279, 39.05572459929404
12.247615103355507, -47.983378107042284

-101.14252461476873, -30.048645668781976
-3.1125054017339773, 36.32856729219829
11.196786863667693, -45.86317003023784

-99.90480692861108, -29.433632266568207
-6.874156214187018, 39.40630466295343
10.681018881799025, -48.37613656092927

-96.98929772371214, -26.5573556791117
-5.198882026747325, 37.27295316693805
10.801600944158672, -48.73859786002438

-96.51028399641937, -26.741145772293248
-9.064567845335866, 36.17290988650937
10.803310529157777, -52.470732894537875

-98.74350582693752, -28.110386454816528
-7.678875674432005, 33.1292803443414
13.380607039645938, -52.14395934966636

-100.86366632983489, -30.398035209621796
-5.144417244822417, 35.757017577377965
10.626702566137691, -48.1662738154908

-97.24728171629756, -26.513505387016128
-4.791896431689303, 37.934143115689835
11.608134111678979, -50.3174448494686

-100.35029726567763, -23.315968968448175
-3.2940552006607327, 35.998569336309934
7.800591677295653, -49.27781462653419

-104.24377087922144, -23.843292570691386
0.5243002588093431, 35.393263310315305
7.610255715593903, -47.99147547331289

-102.20502575297034, -25.388601657291375
-2.961243788344637, 38.20506332289461
10.171393792083201, -51.54714556855366

-98.89602909267781, -24.995747674246957
-1.972407964631187, 38.44565610026686
11.05720833891479, -49.1263303433468

-102.51140624880968, -27.896105955236308
-0.32288992131567884, 39.82275424013111
11.552693785410032, -52.76876221417307

-103.22507075727847, -29.915199120749563
-0.5722230480487793, 37.75757609843343
11.01659299248783, -50.62520925231587

-103.42774298179273, -28.831427715726594
1.1188060056925995, 36.074488605379216
14.167675939138032, -52.17137524920538

-105.92052428429429, -25.408154241281853
1.9809525577496805, 34.250562947121544
15.471194157715509, -54.9933241288745

-103.62027923575502, -25.74143884698266
2.593417212250354, 34.851419583724336
17.09838691263342, -54.23352733735739

-101.3250803623341, -26.293968622489075
2.269938389070723, 37.50802900417336
18.36711635821249, -54.56671159386127

-100.62458338595133, -29.38528427709516
1.4300133931450159, 34.02393481325537
15.18901151047596, -53.682483771591585

-97.77425091293003, -31.436603493100748
1.3473542429567225, 36.34616897067876
13.843309601476847, -52.41705377886163

-95.13807157144784, -32.171641296913734
4.370792588584067, 35.789590065191284
15.791687781311206, -50.84399281892752

-97.54156108741266, -32.82824126644725
2.004176230134788, 36.92001250884873
14.399811899041914, -47.4084017223648

-97.31207658954511, -36.333688971886325
1.3684716356911544, 40.81716508839041
11.407905290935062, -47.702162081201394

-95.37144376126732, -34.95988142296471
2.391321666243675, 37.27008770367125
10.8938433787817, -44.30515519678532

-98.01461490374923, -34.36758716786025
5.129498285454763, 37.81362819385594
14.672328938092178, -45.86845825471884

-94.8523059086389, -30.379563531113547
6.813379892150797, 36.55009939670467
13.428289991767976, -48.45198340398011

-97.84665461589167, -33.676349463750704
7.5725590865993615, 36.32510851570981
15.003594612053389, -47.08783562781279

-99.49505218483836, -30.766988256696933
5.665825246598497, 37.69440557565227
11.51941734794229, -43.33821388278212

-102.61164022252674, -28.672851066542947
7.229707646115095, 37.97088731911898
12.658198062157178, -40.7398827898058

-98.85411666341932, -30.443741401434146
5.133474233997378, 37.70095365915991
10.614744332924552, -37.62635729143549

-97.94103561227026, -27.943924694913292
7.524258044572167, 40.60899681657385
11.731770150091775, -41.54067406265958

-97.33606166620302, -28.231609235055593
10.992920338980426, 42.98027646502867
15.551010697823221, -41.30698483389628

-94.34574423736294, -28.77903503926676
10.22234383400777, 45.082436978562086
12.397602671618865, -41.7863373812409

-92.08587127623278, -25.236260502918896
11.122039646139573, 44.04671515756124
15.612259035963735, -45.36223967232202

-91.95071961609929, -28.882517412314563
9.941522084748117, 42.55743113437323
13.683224449596063, -41.78444376872141

-92.33211343302587, -30.16667759204258
13.1465992123123, 42.71420905941513
10.36119777616749, -40.55601762094979

-94.9251251056911, -28.975921491114068
15.057973659027738, 46.3198213261123
13.315820778324941, -38.692652505969676

-95.11062692623923, -31.64492471002791
11.98843445859552, 48.93173834334113
15.67776613884862, -40.26242731420373

-95.35864942254739, -31.25048230108003
8.235326728249095, 51.47607270095115
15.627797994338273, -37.33848012164018

-92.659997638856, -30.781735571134305
11.753203407264946, 49.719923805074075
14.720880192712144, -35.11050792571552

-89.1292790979998, -28.62634552160813
13.312555117350097, 46.49604083889393
18.327099071941653, -37.922410520207336

-89.22169645836378, -28.804114608877583
13.972492180337387, 47.11549181781205
15.397750398160223, -35.081166458590545

-86.9780293254209, -30.346255353094836
13.297286352313346, 48.41443055195914
14.290085408946556, -35.59441423499621

-87.66379954181843, -29.612996883813715
11.336263140433015, 47.79057763524866
13.03784633143071, -33.587514622714146

-90.4862803582245, -32.23419782592103
9.535402978045195, 49.0664358035453
9.360407631961657, -32.46772935071905

-91.42904824299713, -34.75912399252418
11.680087929043516, 48.61531156582413
8.74504253194361, -35.05935376712843

-91.98461754395898, -34.278269357409414
8.935707509147866, 51.51982248159487
6.444667678494116, -33.82542738701284

-92.63211717172666, -31.64923116470575
7.515070599609714, 49.08368065671834
9.48772978673085, -36.79298664346659

-93.24513403309284, -30.419278983409477
9.903733006297827, 50.139639722032655
12.3003601929932, -33.09396397599434

-96.03647431107248, -32.695993046202226
9.203384776620503, 52.12131924956873
15.087105728459647, -33.405928965384355

-95.87549560386152, -34.136785374538974
8.24696603255419, 53.35706563992801
17.71005975712305, -32.77523223795726

-93.53810840207095, -36.639768138430256
11.025893191247723, 56.298502358852666
17.563830353404008, -34.97945657551036

-90.3181584639201, -35.90032363111199
14.584173068233142, 54.29437915932674
21.41434992244593, -33.54668738604166

-91.64080956458145, -37.243477085130145
16.53375392544742, 52.937126520294356
21.773524918830287, -34.59934852477067

-94.05537636038791, -34.27557182982148
15.648416698795996, 51.591552795238776
21.106440647496648, -32.20962643718449

-96.81790807473568, -33.65703829249979
14.369396890713471, 47.81721964932274
20.660257301354278, -32.81133172263148

-98.43156360198466, -36.83570668230648
10.417822337463997, 48.68250586060503
17.711012498526873, -30.591876409199536

-98.86837260315197, -40.50600941180175
11.95347359007825, 45.63464001029899
18.16754138808756, -29.43430062349929

-102.37210851041179, -38.93643393417305
13.325803142626487, 42.4172562263542
16.062132133586854, -28.719613380374216

-102.69245307288789, -35.39668104997596
11.713654401740236, 43.15069250962737
13.958565853974548, -30.191562732457857

-103.35544448580887, -34.746929594416386
8.78689896117493, 40.274398686455186
11.4352134345767, -33.792433580864156

-103.31322318344583, -33.94829801555477
5.494889220728858, 42.24678722891458
11.198360341403564, -31.88097923779498

-104.03106081152164, -36.939400426387756
6.114194757602446, 43.11117364006501
13.007073369847916, -34.278449639812145

-106.22873156059573, -33.14406119729458
3.060422892320373, 46.08348911201287
10.959869814296056, -33.40187784048827

-106.65746357115212, -35.92477128223092
0.7774058662608425, 46.694616964928024
7.90151988056763, -33.740775337935766

-103.69731680742878, -35.820850669988694
-1.8253159033968265, 48.71074656466226
6.644748549024353, -34.17218889185759

-102.62412321024001, -36.60326835325177
2.119203042091443, 47.59653730128278
2.712254080874388, -38.07123997271353

-100.72961360164251, -38.93344115140153
2.2793892636067294, 50.439088772754886
4.7272910333681155, -37.11725426337935

-101.02596274177073, -36.722140652539586
2.7236951214651706, 53.242708612863495
8.167297778903695, -35.81615389116287

-100.29672196494981, -36.249657482701394
0.213464258637317, 54.41221152153376
8.20726667587213, -38.44376671370439

-99.98011965139685, -37.16084382837406
3.427408682461147, 53.065322997051275
6.92522502376277, -37.001643154371926

-97.32516390704389, -38.61838871552523
2.7923718827457016, 53.20231624726551
6.165666589022282, -40.44554604315428

-95.89431242184064, -41.36481985770965
-0.9688788883961044, 56.281456936853864
7.156696137651883, -42.64273703308163

-99.56575296437786, -38.60428627264404
2.77874281531928, 58.47315040310444
6.407571098368406, -45.56256462114563

-96.76223395166171, -40.60151678177463
5.99226069150538, 58.4545588277219
9.871870093316032, -44.39287874162956

-94.57229426981407, -43.35618293749855
3.7574983808756155, 61.42567924238506
9.549646362123898, -43.25083384459285

-92.33882840091798, -40.50273951953835
6.371433245701022, 61.4103904202793
6.88051420867891, -40.45451562720113

-92.10488829835866, -41.62182502556233
4.752670057872433, 65.1305355737434
4.316675095651028, -44.03300962388287

-93.53950680630885, -41.94248986757088
5.8201540900734985, 62.087310297363175
2.358049054978368, -42.78570076447995

-92.95646003780561, -38.93440834847047
5.985306205140048, 64.94199888921864
0.7192472823460907, -40.811800090443064

-95.0200051519224, -40.42975701199023
9.969731378784665, 64.51834118024178
3.30771569163275, -39.400768526168704

-98.83202789563744, -36.9960201068703
10.954527235537682, 65.1684417741924
5.1545700665784056, -43.250623743168774

-100.6340093370193, -37.445511799491605
14.79001284817367, 61.647132738591246
2.1254714855498937, -46.544121002277166

-98.64849870330512, -35.92805032298968
11.133603394323092, 62.36926152021321
-1.8440434909660333, -43.82481152090458

-98.07995296935444, -37.515155076083836
12.815958092323452, 61.41243559897975
-5.581825779916059, -46.054834705033365

-97.04279527171681, -35.125261469855296
9.918818251436662, 59.95477217058383
-5.200472668691217, -48.70121325038616

-98.02339140106452, -33.4420534021479
7.28993308091561, 59.67305610567209
-2.454970393714521, -47.48320326417651

-101.98960359116279, -34.3281386405889
9.586787266607839, 60.979122336018385
-2.2932862461695978, -45.888108398386954

-104.34705812027909, -37.080591353385934
12.702861800874322, 58.744203702392895
1.3857177954827726, -41.935915556506416

-106.7354268736859, -35.71854364389405
10.84210336601229, 62.135669925890475
3.977085535588282, -42.14748784505725

-108.67710808922733, -39.067457847781206
6.84352725115127, 58.884995651561546
3.7382628894253687, -44.55949986402574

-110.69970711068562, -41.61189015866978
4.338599399223723, 61.627420227077145
4.550310653838697, -44.75102451600759

-107.10193245490846, -42.72406123301456
6.524595202105123, 57.82981505573767
5.280159443922378, -47.36599558564906

-109.262870482371, -41.05517399472272
5.645884024318684, 54.377691326815594
1.8742178141310664, -47.07510434702366

-111.16357037604524, -39.82356151130809
7.670897857737377, 52.583757762712715
4.670294836471736, -44.789253889645984

-109.06959584930942, -42.1357449359809
11.061320271651482, 53.26703611645426
2.521974261269996, -46.263307638403994

-112.15313183671918, -43.31449852090098
8.742448711477858, 54.31331889646174
2.2507053541433697, -50.174631283767916

-110.24885796563423, -40.90313582627408
8.782222303029766, 53.27934323934473
3.9145730787873987, -48.97321478644955

-106.91832332578454, -44.77777095546974
11.04482534248671, 52.496791371323525
0.19244609570822568, -46.76580153967746

-105.15695752295917, -43.77783026185375
14.373125436775588, 54.08525189299101
4.045712662423762, -48.83126113342636

-108.50526187793885, -41.26974479621158
10.424806782976002, 57.19871768419584
4.585459028572775, -48.152360217258234

-106.30559146744051, -41.39590060131577
8.115041985502302, 58.671738120050044
1.557530828089913, -46.620723843065704

-106.67038737945481, -39.11579514374225
8.86248687970949, 59.43555649693104
-1.6850622773538904, -43.45202795304349

-109.73889972634802, -35.83795302611556
9.24432887121445, 56.26956309261661
-0.26021564886694915, -46.648190011444086

-108.0470209104584, -39.18599004263006
10.7902108802831, 59.89791489247293
1.2088236120132256, -47.19717070847631

-108.36971695025663, -40.738956264317565
8.792735907009353, 57.730107677101685
-0.0043363938107745525, -45.87665765908571

-104.98792065775065, -36.97953966008296
6.3698303900757445, 57.445079496835085
2.5947518970536656, -45.20236357060337

-107.21563470498297, -38.18998428872408
3.744420377519976, 58.55074052074137
-0.33833672037526874, -42.940243896943485

-110.68462842617421, -37.52830679591544
4.526638896733573, 55.67514104107012
2.283111607127821, -42.495916959600024

-114.5202127450623, -39.28600934868052
5.7484817856056125, 56.863570642828925
3.950561182867294, -46.09439413968984

-113.4262262748793, -36.227321794471315
2.096321117353699, 52.94856665260964
6.736102432488199, -45.69217457394036

-113.63803679507538, -33.019574360274454
4.114936105681091, 52.07895707575214
8.18243658567226, -45.3413552172736

-110.46937922782563, -30.363539966362392
7.450071047797885, 54.191494338781084
8.906663826982006, -41.96051826784397

-112.5655454487629, -27.85319668704419
7.111256306193543, 54.75705488595733
5.0413508509970235, -45.306195259742495

-113.7927028444438, -30.44256918600127
5.721245849252646, 51.929258628679634
8.648958582580219, -46.014866802286356

-116.71769162845848, -27.08074191014944
3.960888646910698, 54.59110064486384
6.192286183147511, -44.457364461940735

-118.0085129303954, -25.858597063716907
2.9310040859260384, 58.24777432516596
6.562579545173239, -41.86523515398953

-117.70968834479054, -24.02631072203299
6.715104938272368, 57.18254332880334
6.368869350344622, -39.70991064190193

-116.35458449103717, -26.39427547781609
4.325663940180268, 57.50783678710115
8.92998199488318, -43.550612557729735

-118.10285431521746, -23.086735889657568
3.4808798889633046, 55.32941032912846
4.977415186953127, -47.11124589095945

-115.64288230721145, -22.282132861068597
6.258589891367638, 51.78444914614412
3.1508354808557, -48.60776855003059

-113.12465294151184, -22.301451899226116
7.4988038541998465, 50.90457159786436
4.940598595727339, -45.95267076112868

-109.3372923562266, -25.230623351739062
7.834868512529116, 49.183473613144336
7.697763093755733, -46.35978640224083

-106.13484219235454, -27.928989862241444
7.809532396714398, 51.33916002029432
5.596823348539476, -48.967684178600265

-107.70574233429606, -28.314178680447128
6.989773598568328, 48.30206616237829
5.901172732877043, -46.73269592971041

-106.19815766715968, -31.050093255530168
10.335985764070285, 48.66690829101716
8.548452475892311, -49.41759217652076

-107.90219458453699, -34.53116734501038
13.478099228421598, 49.83737063394519
7.162451511485827, -49.69068932521121

-108.78824560037548, -31.558365944582274
16.028644612505, 52.925490287794375
4.287434193444219, -47.17863156949088

-112.09098709166051, -32.54282855938203
14.407738359080115, 54.219553996406646
7.581416201913922, -47.7725700759603

-115.46752000558672, -36.289799030050155
14.797068732690235, 56.83561687186426
3.992328210755338, -48.65943490873486

-112.99337496986084, -38.687539336153435
18.627799728221564, 53.491805171355935
1.2859585914612346, -52.15960941153974

-113.48437206768139, -35.27996740476714
15.497964197875383, 51.939496718028124
0.5054637994407827, -56.07314548203121

-116.93429202299924, -36.74938982558861
16.46004094247423, 53.57472321330713
4.44126748506866, -59.434281704551886

-120.03874307476883, -33.28469541947316
18.853701923987895, 52.13380536587203
6.194351870088822, -60.47394052220594

-118.33486148495294, -36.43277656830274
22.613602895031054, 52.09145030212771
5.811539339905081, -62.95195742928944

-116.229994661063, -35.785202949096956
24.820717734643495, 54.70457982035011
4.511828416289498, -61.731708073581444

-116.40607523395327, -32.56034845981901
23.875316939129014, 53.48318858117176
3.367541073894367, -63.75917319696569

-115.68053195599059, -32.557920727494995
26.24462805272498, 57.21990199317678
1.5298799014219044, -62.013596413934735

-116.27143424321387, -29.349499318968746
25.579799277328796, 58.83822023343486
-1.9425768988547043, -60.57453580516689

-115.90110803498473, -28.834180996710703
24.70173031443523, 58.5446509926405
-2.851451405515566, -63.21151708805819

-116.3912480470209, -27.410905783954824
25.700178576774483, 58.60566795653119
-3.960606756971494, -60.95781288665573

-112.42391785981206, -28.79664235179093
25.56558168606241, 60.58948033541951
-1.9817647439185508, -64.02019153213385

-115.8390771427738, -32.26261109415608
21.57371170056794, 57.98525402081354
0.45278620274707393, -67.83996229277435

-118.18954994436824, -33.86668476252494
20.74240834615657, 57.84569699158542
2.9297521085999554, -69.18789989410479

-116.1530346876774, -30.550816474706924
18.583913805641707, 58.73621910062087
-0.25677897574818065, -70.85950650142553

-118.91409112444573, -31.243896368097012
17.006462452508806, 58.63940311925979
-0.4953058272657671, -74.50643635652979

-116.95757113010104, -34.83835202160635
16.85639210903451, 58.32511736426088
-0.4519313295620684, -72.17424057169947

-114.51429692663292, -34.341573050796356
16.379570730773224, 55.06531358926085
-1.3214602668282174, -73.96415612407144

-111.33884500821937, -37.88097646753616
17.314010283656376, 54.53807411703785
0.9715777736340838, -71.41834226594435

-113.87692013787101, -40.288887861347895
16.176106593979902, 52.996368348574826
2.0907971612073233, -70.49545263179206

-115.20579614901824, -37.35434254130119
16.698703629625385, 50.23976380892404
3.4909970534816317, -71.6712642250268

-114.28808918506707, -40.7749507618351
19.89289137970605, 53.160016516644106
2.269506107576019, -70.62225008636989

-114.90250629688089, -42.667110630414996
19.95867146238403, 54.60230329001476
4.790599543032265, -67.88942096806952

-116.25846078202818, -41.132358649023296
16.30994942648471, 58.02385641525809
2.403718007954021, -71.06851298618588

-119.03559541710536, -37.48182858984807
16.289178340048423, 60.074215314349274
0.3587311711133907, -68.90868704303811

-116.49076918495491, -33.838546496705206
16.5450405175208, 57.99080485468551
0.6360137422512677, -70.07664241134209

-114.79310274289587, -32.11173306823083
13.14050940206161, 56.566059619671684
-3.019407398215754, -73.7514956649692

-110.96979326623234, -29.06169598010714
10.88746342487006, 54.67103793846909
-5.711933836253352, -73.37549870276578

-109.3679719405859, -27.874916913896467
7.346315092955122, 58.365576549728274
-5.976989029394331, -71.1515157613019

-109.2968021645534, -31.220053454830797
5.169244414428251, 55.992178125733936
-7.049845332282272, -67.61139654366086

-112.57156917873407, -32.34486061785043
8.064849919301563, 52.84051657197924
-7.5058417312315475, -64.91045707570026

-114.95188629875419, -34.325588465619624
8.119386755750778, 55.88895473904635
-6.125048805605931, -65.07178681194699

-118.04440885210272, -35.59375326724463
10.747193329762698, 57.19974299747096
-8.98937854996904, -62.65118179500391

-120.5992662715786, -32.89193251646173
9.358106956118, 59.911976433577266
-12.361805877250623, -61.92260227246223

-119.5341860086761, -31.196142708960622
12.113045185835652, 59.519209889405616
-9.835243720153333, -59.01331255367963

-117.73541895135557, -34.841847697382676
13.755416810391246, 55.5382866616508
-7.274527293929575, -55.234865080730955

-120.4988397200958, -31.367392864803627
13.082658148762809, 57.87937093871947
-3.543985687888841, -55.33763626375759

-121.0310359347882, -31.730771247012456
12.00711923201926, 54.01955559433819
-5.238096843892424, -55.37002325390591

-121.07308265703932, -33.40106197934433
9.316030590281482, 55.58883577594062
-7.1530504800011725, -51.49903900468619

-118.38668235305876, -34.054056503872225
10.616105766488722, 57.634254976312214
-11.135363100463909, -51.125895678606554

-119.13885173653716, -37.106863848699554
9.599339279752076, 59.809798858666454
-11.00485714409589, -47.68903048668865

-116.6436028183404, -36.03549231157191
13.260078673691938, 59.947938321565736
-11.636027693739841, -44.02667933583093

-116.70633375821005, -33.74845838928699
16.641228329784386, 59.608978658084325
-13.173401263087442, -45.32079727412827

-113.86949211028579, -35.869826136181246
12.941654345843276, 58.63534912952851
-10.604337021080537, -47.82949822284526

-116.589555264037, -39.02967054180693
13.883181787263112, 55.72732597014753
-14.466791476130663, -46.31074349676795

-119.99748948425493, -39.60695665576785
13.529243798038692, 56.729425706688765
-17.35434617291, -48.79164019055142

-119.06140636798587, -36.002914575038844
17.03854472921307, 56.277500987000955
-20.032371927129113, -51.43367982262506

-119.70011759150242, -35.98800400273735
16.576151045766437, 53.72391078680038
-21.877331236319872, -49.14434297487052

-120.15330796896863, -35.27701329791648
12.836583876636947, 53.983190213397
-22.201922786708465, -49.10391712761998

-118.72270909260718, -33.037973461669395
9.917435032490314, 57.98202908933153
-20.950729264590677, -46.65062933954011

-117.89208897579472, -31.880115518380933
13.827106711216267, 55.20973863807396
-17.2714449903779, -49.82659778634518

-117.82042127041251, -31.002811525252433
10.259011959625036, 53.27985149086882
-19.789453689007974, -50.913644338207334

-117.32581312252995, -32.99094126868134
7.23684042888323, 55.58733604428385
-17.850143329977364, -46.97732572786464

-117.99760694778112, -30.928881311448517
10.090405790203679, 59.43730253855963
-16.63264963356901, -47.79816340547297

-117.08654593785774, -28.067346231104683
7.744676927285559, 56.14954862627356
-15.990252547404022, -49.4843145328345

-118.65659220312266, -26.66994826229945
4.695491980455666, 57.15935368215858
-13.778628908247882, -51.09599163193866

-119.7312685395967, -28.771357671789794
7.933671467258705, 54.893621697837325
-12.4880824766562, -51.60147944111305

-116.64107984764927, -26.841147892550502
5.282638336526479, 56.34331667239128
-16.44719574816034, -48.40386364666852

-116.61316290383867, -29.39482055176581
3.182238099936999, 53.65690108927379
-16.529058352116884, -47.32984443826787

-118.17245455505591, -29.650776247005993
3.392641644654301, 55.791140913103035
-19.689372428823273, -49.332058332459226

-119.9798642307964, -33.443192795602165
3.5489910091573176, 58.22450811103227
-16.53910608614526, -53.208983831398506

-118.89619920417508, -34.96224061690013
2.9728018946136308, 55.22004504109088
-12.758746944747745, -56.00298841444104

-119.41115956966827, -33.348199177650216
1.2249684548201119, 54.29480867462671
-10.353617952752444, -57.01012150363832

-121.56889097705299, -32.78247209319309
-0.08200102522797525, 54.16039535087622
-10.197192457719837, -58.900834120452444

-124.64421535734708, -29.483027258567624
-2.959883687157821, 56.20443320505065
-10.752478452262991, -62.39463860419224

-126.33803650730756, -27.20447561557161
-2.377070052602974, 54.84165287418383
-9.459606401859551, -61.96828611733921

-124.69901220856137, -30.80566197517832
-3.7741313549620665, 55.414896949426655
-5.7888487554068515, -59.51080731789105

-121.39341454107095, -30.017833551091634
-4.186173727125277, 58.41905320277593
-6.252735691863578, -56.35886724681643

-125.29244997737445, -32.72037694718691
-2.057223322460149, 55.03301813229898
-8.654729040917491, -55.931169842898846

-123.7672984574759, -36.6144321706536
0.1825892300995644, 53.55017656996857
-5.551826276704948, -52.57770802980678

-123.52104186293134, -40.06508336721795
4.06415046252136, 51.466216939614895
-9.46094136601192, -52.764326308661694

-120.51925758905975, -41.33693066814736
3.4697373448176636, 53.34366208649174
-12.642855783251875, -53.69002176021146

-116.60102086924387, -41.70437418720243
2.1605550473918154, 50.83887474052071
-9.738190848786168, -49.71810250206349

-118.72569088543547, -42.55567192310097
4.061924430249253, 52.84695885288359
-8.495071417695666, -48.055612835370404

-119.66287467160666, -41.917810025499
2.570290422114777, 56.37992064273775
-7.217605925151047, -51.72845015233782

-119.98758804421524, -38.74822502176972
-0.8718414717851726, 58.980216505000485
-5.937466578141252, -49.208842886794905

-117.61628401451401, -41.262787688402845
3.0269479764752205, 62.07621533460904
-5.388095946525236, -51.359483994131516

-115.13603862145422, -44.79652260798566
5.702858631637473, 65.12837356347417
-8.138859221270645, -48.746244243052985

-114.58709549273058, -46.841019598810206
4.684079631850473, 67.85700689189628
-10.778127055620926, -50.67230446291286

-116.66261958647462, -46.99710878067585
7.579519754706405, 71.0919751808174
-13.001205396722458, -50.93882421143985

-115.83662836046493, -50.869374057104636
10.329402716587662, 72.72369409549015
-14.025240324368648, -48.872074094333854

-112.77826426985034, -47.592910008965816
7.129379284494125, 72.80317486310949
-13.016552262081284, -47.02176232057598

-116.68922544461438, -44.0838064407505
8.723534729193439, 72.52793186805187
-13.365205618284207, -50.281519345568256

-119.89201374979149, -47.19117748088896
11.353752586749312, 76.40308733691126
-15.334939273559762, -47.92192486238807

-118.0890409598375, -48.770459343782484
7.930395216193984, 74.04826910870725
-12.774825860881238, -48.17930896232161

-117.79494972243128, -47.30975725684681
4.544595627203058, 72.76277529550913
-12.861906339962266, -49.74638456033036

-120.65216869131858, -43.77969936982226
6.071194207514662, 73.32864229286038
-14.356581638189644, -52.63605201257717

-123.06109333051631, -40.23115167824518
4.8924696264863226, 72.63356642386573
-12.4622593504874, -55.78899167700129

-124.1371846942104, -36.55540782912025
4.810127323724863, 71.6478519482066
-14.806382652138126, -56.51543956837657

-126.97230615478126, -33.74561936354812
1.5491453480022406, 72.77670231065598
-17.48080003716407, -54.60242820315967

-129.68314847542473, -33.49416504700162
1.6036925546034926, 73.91487879258469
-16.447516250189732, -52.43867960961869

-133.03634845581246, -33.729184686225956
-0.4204411338045855, 73.47212564984062
-13.302200710587716, -55.64322623266413

-131.0338036385422, -29.81126043205686
-3.495691665137387, 71.06143631371098
-13.686948457237257, -53.69263048624842

-128.74094544012556, -31.592175226237558
-3.175634579025714, 73.0648980864769
-12.450106025709186, -51.14561027557295

-128.02665995877786, -29.247690155473315
-4.121992991937403, 73.69462314399958
-8.616621740136416, -49.37400171726757

-128.68745228399112, -31.57099021056078
-1.0066722320862738, 76.0559165213115
-12.014708522183238, -46.83183373931674

-127.76000320779193, -32.297548909667356
-4.60818943191586, 75.7368316969649
-9.799193847001817, -50.21971075238681

-126.5134308041874, -32.28955561916164
-2.719901527040432, 77.02481409146047
-6.363774264139083, -53.56718391472164

-128.07427755858976, -33.32622413460257
-3.911757833948367, 79.20744032971226
-5.952420948196115, -55.26501733800705

-128.12309937190187, -29.45189592455991
-2.9474492463577375, 76.41139543976873
-8.921082488302172, -55.102605036406594

-131.7156338214414, -30.397403744101297
-5.781759668451901, 76.230207481513
-12.35002259777162, -58.24685440669709

-128.54642441387983, -34.23388508770533
-9.510739813496908, 79.34959417172186
-9.454649226318256, -55.66431442928503

-131.5718123600227, -33.858864831569285
-8.064942423349938, 78.75137276260158
-7.628500902113748, -55.19382372377273

-132.48393748637895, -33.90205171807826
-5.338289492687655, 76.53551814383638
-8.039948829598549, -52.23175899912286

-131.6865585274611, -37.36077471340686
-7.6764983838868135, 76.34880784000532
-8.586919828720664, -51.84994135685732

-133.97958546887003, -37.70446957928967
-5.935166809943112, 74.8259807882059
-7.490230335198355, -48.88031313247551

-130.56945645117997, -40.949845704232395
-3.282928540259622, 74.06352520914452
-3.6642759734819004, -48.13762634055504

-132.03402419267655, -44.072403771336816
0.0385710827490886, 71.85322011684295
-3.419172162342596, -46.800955511206425

-132.39137909816105, -40.959995186258105
-0.5806010940952717, 74.74727446836681
0.011314143060053183, -45.272141131290155

-132.89229715339934, -38.00447351744985
2.5169078080935714, 75.16705753773937
0.14510333145862386, -45.62594051753399

-129.3436440870788, -40.590642274016716
-1.3696519289616456, 71.20084278313601
-1.1502899959836181, -43.68448157499552

-130.4806498229569, -44.15557034040376
-0.3639305928955947, 68.63380312827819
-1.9347125070169175, -44.14199140291186

-130.8248074023612, -41.26081436592078
-0.2050831211789097, 66.64362439013524
-4.590790499690566, -41.696015505740164

-128.35387671733332, -41.536787530480396
0.32529239762165396, 63.492481698012625
-7.393604349954847, -39.20061036818008

-124.52844121379542, -45.07896363075425
4.189717981798645, 61.97043888477938
-3.4337926511115873, -39.81235441622838

-122.80699210907615, -43.01373991171479
7.676617698688838, 58.04330698517315
-2.4262106373113372, -40.56076696832837

-124.80413951574853, -46.19454497246476
5.331216438903927, 57.39540395482037
1.5524189873367948, -38.66558435606821

-127.76767499139626, -49.499900234583976
6.472622430367118, 53.54361223705187
1.1134038908811243, -40.13898525254309

-126.31590512264938, -52.915584106543655
2.583918044977355, 50.50830067209777
0.30515743250217664, -41.55302901629491

-128.9024110754354, -54.91863261341507
2.0028813651998023, 51.551365531191436
0.7002408621303751, -39.104856087811115

-129.25967444495072, -51.36243531001726
4.537669492498496, 51.292651036508005
-3.1941473078516047, -37.22517139768042

-128.44560931224356, -51.564607664166225
8.391719874459268, 51.45494385159886
-2.1385142153240455, -34.963281053069025

-129.11600383441635, -52.052933234268025
7.863058450853891, 49.60091809393484
-5.4702262328288045, -38.40851872710808

-127.66853779596707, -52.88616891801029
4.9836409214945725, 50.21053064607754
-2.7560714942144235, -40.76465075414951

-123.92258080390299, -54.861016287100064
8.553420781544634, 49.45358998333448
0.04135432225262026, -40.15428768040224

-127.0251098017495, -53.59127451923311
12.41120719663966, 51.09351590209612
1.911069505434548, -39.70111554291686

-130.37168559547067, -57.42223120243862
15.589720054233618, 47.61910582033397
0.5350774563682972, -37.939518107961106

-129.1940301359005, -54.13875320521532
18.76210825602429, 51.37148905193974
2.6211921687922146, -40.884689321279495

-132.04023949687186, -52.539173546081294
15.81461028582471, 51.07664294889464
2.4832276974087772, -39.760765734380165

-129.84707479683462, -48.96005061010094
15.979359852087306, 50.76569972311556
-0.815048185498175, -42.48040641138763

-126.9568601091302, -46.2736419204879
17.693215888574475, 49.07201906359811
-4.678811613189024, -41.01752975601384

-124.08040530129378, -45.99875126483117
15.025121269565437, 50.44517964273543
-3.971908215150111, -38.61296036364378

-125.27470431650318, -43.27321484217551
11.313040452392347, 50.477277413757704
-7.573729752466223, -38.31664034718044

-127.55084624870098, -42.24031783267528
10.636234063160629, 53.80504614654517
-4.9091978319178375, -41.30186364992292

-124.66009743635777, -46.00421151004761
9.046490934779118, 54.97654843293747
-7.7648943259791166, -43.03494664098527

-124.68551438071175, -49.687044179098336
5.192798361758337, 54.569190468243896
-8.825326461427252, -41.15131865312191

-121.29979024441595, -46.530374587220116
6.740534606533453, 51.32849802030589
-6.632736898094374, -40.34542697297386

-123.74900777811571, -44.5548493354391
5.677388232376805, 54.204604611870224
-6.3171280510083445, -37.526506441617634

-121.31313183216807, -44.20984344610285
7.652615929007247, 56.27468294979477
-8.466469643886622, -33.62633864651064

-120.8810555694009, -44.329143620243634
11.33165785880947, 55.37060217809482
-12.319244651235572, -29.96744691152605

-119.3285011516485, -43.72631183895136
9.670171146357943, 51.48441899008009
-8.390642663610052, -30.083001742081695

-118.0292784747565, -44.073033793912956
12.887110628714735, 49.16208865113521
-5.616370063023557, -31.16268558388769

-116.41297891683593, -46.27657277941677
8.891080257716675, 52.28944724287416
-2.147409646263508, -32.0226860381151

-118.44452085946176, -43.05792364290963
8.337129409805286, 54.42141781225261
1.8413795023719217, -33.34318356612697

-121.44727829767811, -40.73341555122075
4.461522083812551, 56.58471015542895
0.7635465356262507, -35.17847390263225

-120.50198464388781, -39.72252770028183
7.5330473554257145, 55.63573680141831
0.3478618927896511, -38.115169718343

